%YAML:1.0
calibration_time: "Thu Jan 23 15:43:50 2014"
image_width: 640
image_height: 480
board_width: 9
board_height: 6
square_size: 2.5000000372529030e-02
flags: 0
camera_matrix: !!opencv-matrix
   rows: 3
   cols: 3
   dt: d
   data: [519.222914, 0.000000, 312.185776,
          0.000000, 519.279826, 247.953202,
          0.000000, 0.000000, 1.000000]
distortion_coefficients: !!opencv-matrix
   rows: 5
   cols: 1
   dt: d
   data: [0.016930, -0.103514, 0.007598, -0.003097, 0.000000]
avg_reprojection_error: 6.7909759077407883e-01
